"0","plot(harm_df$NO, type='l')"
